9 9 9 9 9 9 
9 9 0 9 9 9 
9 9 9 1 9 9 
9 9 9 9 1 9 
9 1 9 9 9 9 
9 9 9 9 9 9 
9 9 9 9 2 9 
9 9 9 9 9 9 
2 9 9 9 9 9 
9 9 9 9 9 9 
9 9 9 9 9 2 
9 9 1 9 9 9 
9 2 9 9 9 9 
9 9 9 9 9 1 
9 9 9 9 9 9 
2 9 9 9 9 9 
9 9 9 9 9 9 
9 9 9 2 9 9 
9 9 1 9 9 9 
9 9 9 9 9 9 
9 9 9 9 9 2 
9 9 9 9 9 9 
2 9 9 9 9 9 
9 9 9 9 2 9 
9 9 9 2 9 9 
1 9 9 9 9 9 
9 9 9 9 9 9 
9 9 9 9 9 2 
9 9 9 9 9 9 
9 2 9 9 9 9 
9 9 9 9 9 9 
9 9 9 9 1 9 
9 2 9 9 9 9 
9 9 1 9 9 9 
9 9 9 2 9 9 
9 9 9 9 9 9 
9 9 9 9 9 9 
9 9 9 9 0 9 
9 1 9 9 9 9 
9 9 1 9 9 9 
9 9 9 1 9 9 
9 9 9 9 9 9 
9 9 2 9 9 9 
9 9 9 9 9 9 
9 9 9 9 9 2 
9 9 9 9 9 9 
2 9 9 9 9 9 
9 9 9 9 1 9 
9 9 9 2 9 9 
1 9 9 9 9 9 
9 9 9 9 9 9 
9 9 9 9 9 2 
9 9 9 9 9 9 
9 2 9 9 9 9 
9 9 9 9 1 9 
9 9 9 9 9 9 
2 9 9 9 9 9 
9 9 9 9 9 9 
9 9 9 9 9 2 
9 9 2 9 9 9 
9 2 9 9 9 9 
9 9 9 9 9 1 
9 9 9 9 9 9 
2 9 9 9 9 9 
9 9 9 9 9 9 
9 9 9 2 9 9 
9 9 9 9 9 9 
9 9 1 9 9 9 
9 9 9 2 9 9 
9 9 9 9 1 9 
9 2 9 9 9 9 
9 9 9 9 9 9 
9 9 9 9 9 9 
9 9 1 9 9 9 
9 9 9 0 9 9 
9 9 9 9 1 9 
9 1 9 9 9 9 
9 9 9 9 9 9 
9 9 9 9 2 9 
9 9 9 9 9 9 
1 9 9 9 9 9 
9 9 9 9 9 9 
9 9 9 9 9 2 
9 9 2 9 9 9 
9 2 9 9 9 9 
9 9 9 9 9 2 
9 9 9 9 9 9 
2 9 9 9 9 9 
9 9 9 9 9 9 
9 9 9 1 9 9 
9 9 2 9 9 9 
9 9 9 9 9 9 
9 9 9 9 9 1 
9 9 9 9 9 9 
2 9 9 9 9 9 
9 9 9 9 2 9 
9 9 9 1 9 9 
2 9 9 9 9 9 
9 9 9 9 9 9 
9 9 9 9 9 2 
9 9 9 9 9 9 
9 2 9 9 9 9 
9 9 9 9 9 9 
9 9 9 9 2 9 
9 1 9 9 9 9 
9 9 2 9 9 9 
9 9 9 1 9 9 
9 9 9 9 9 9 
9 9 9 9 9 9 
9 9 1 9 9 9 
9 9 9 1 9 9 
9 9 9 9 0 9 
9 1 9 9 9 9 
9 9 9 9 9 9 
9 9 9 9 1 9 
9 9 9 9 9 9 
2 9 9 9 9 9 
9 9 9 9 9 9 
9 9 9 9 9 2 
9 9 2 9 9 9 
9 2 9 9 9 9 
9 9 9 9 9 2 
9 9 9 9 9 9 
1 9 9 9 9 9 
9 9 9 9 9 9 
9 9 9 2 9 9 
9 9 2 9 9 9 
9 9 9 9 9 9 
9 9 9 9 9 2 
9 9 9 9 9 9 
2 9 9 9 9 9 
9 9 9 9 1 9 
9 9 9 2 9 9 
2 9 9 9 9 9 
9 9 9 9 9 9 
9 9 9 9 9 1 
9 9 9 9 9 9 
9 2 9 9 9 9 
9 9 9 9 9 9 
9 9 9 9 1 9 
9 2 9 9 9 9 
9 9 1 9 9 9 
9 9 9 2 9 9 
9 9 9 9 9 9 
9 9 9 9 9 9 
9 9 9 9 2 9 
9 1 9 9 9 9 
9 9 2 9 9 9 
9 9 9 2 9 9 
9 9 9 9 9 9 
9 9 1 9 9 9 
9 9 9 9 9 9 
9 9 9 9 9 0 
9 9 9 9 9 9 
1 9 9 9 9 9 
9 9 9 9 1 9 
9 9 9 2 9 9 
2 9 9 9 9 9 
9 9 9 9 9 9 
9 9 9 9 9 1 
9 9 9 9 9 9 
9 2 9 9 9 9 
9 9 9 9 2 9 
9 9 9 9 9 9 
1 9 9 9 9 9 
9 9 9 9 9 9 
9 9 9 9 9 1 
9 9 2 9 9 9 
9 2 9 9 9 9 
9 9 9 9 9 1 
9 9 9 9 9 9 
2 9 9 9 9 9 
9 9 9 9 9 9 
9 9 9 2 9 9 
9 9 9 9 9 9 
9 9 2 9 9 9 
9 9 9 1 9 9 
9 9 9 9 2 9 
9 2 9 9 9 9 
9 9 9 9 9 9 
9 9 9 9 9 9 
9 9 2 9 9 9 
9 9 9 2 9 9 
9 9 9 9 2 9 
9 1 9 9 9 9 
9 9 9 9 9 9 
9 9 9 9 1 9 
9 9 9 9 9 9 
1 9 9 9 9 9 
9 9 9 9 9 9 
9 9 9 9 9 0 
9 9 1 9 9 9 
9 2 9 9 9 9 
9 9 9 9 9 1 
9 9 9 9 9 9 
2 9 9 9 9 9 
9 9 9 9 9 9 
9 9 9 2 9 9 
9 9 2 9 9 9 
9 9 9 9 9 9 
9 9 9 9 9 1 
9 9 9 9 9 9 
1 9 9 9 9 9 
9 9 9 9 2 9 
9 9 9 2 9 9 
2 9 9 9 9 9 
9 9 9 9 9 9 
9 9 9 9 9 1 
9 9 9 9 9 9 
9 2 9 9 9 9 
9 9 9 9 9 9 
9 9 9 9 2 9 
9 2 9 9 9 9 
9 9 2 9 9 9 
9 9 9 1 9 9 
9 9 9 9 9 9 
9 9 9 9 9 9 
9 9 9 9 2 9 
9 2 9 9 9 9 
9 9 1 9 9 9 
9 9 9 2 9 9 
9 9 9 9 9 9 
9 9 2 9 9 9 
9 9 9 9 9 9 
9 9 9 9 9 1 
9 9 9 9 9 9 
2 9 9 9 9 9 
9 9 9 9 2 9 
9 9 9 1 9 9 
1 9 9 9 9 9 
9 9 9 9 9 9 
9 9 9 9 9 0 
9 9 9 9 9 9 
9 1 9 9 9 9 
9 9 9 9 2 9 
9 9 9 9 9 9 
2 9 9 9 9 9 
9 9 9 9 9 9 
9 9 9 9 9 1 
9 9 2 9 9 9 
9 2 9 9 9 9 
9 9 9 9 9 1 
9 9 9 9 9 9 
1 9 9 9 9 9 
9 9 9 9 9 9 
9 9 9 2 9 9 
9 9 9 9 9 9 
9 9 2 9 9 9 
9 9 9 2 9 9 
9 9 9 9 1 9 
9 2 9 9 9 9 
9 9 9 9 9 9 
9 9 9 9 9 9 
9 9 9 9 2 9 
9 2 9 9 9 9 
9 9 2 9 9 9 
9 9 9 1 9 9 
9 9 9 9 9 9 
9 9 2 9 9 9 
9 9 9 9 9 9 
9 9 9 9 9 1 
9 9 9 9 9 9 
1 9 9 9 9 9 
9 9 9 9 2 9 
9 9 9 2 9 9 
2 9 9 9 9 9 
9 9 9 9 9 9 
9 9 9 9 9 1 
9 9 9 9 9 9 
9 2 9 9 9 9 
9 9 9 9 1 9 
9 9 9 9 9 9 
1 9 9 9 9 9 
9 9 9 9 9 9 
9 9 9 9 9 0 
9 9 1 9 9 9 
9 2 9 9 9 9 
9 9 9 9 9 1 
9 9 9 9 9 9 
2 9 9 9 9 9 
9 9 9 9 9 9 
9 9 9 2 9 9 
9 9 9 9 9 9 
9 9 2 9 9 9 
9 9 9 2 9 9 
9 9 9 9 2 9 
9 1 9 9 9 9 
9 9 9 9 9 9 
9 0 1 1 1 9 
3 9 2 9 2 3 
2 1 9 2 9 2 
3 9 2 9 2 3 
2 1 9 2 9 2 
9 1 2 2 2 9 
9 1 0 1 1 9 
2 9 1 9 2 2 
3 2 9 2 9 3 
2 9 1 9 2 2 
3 2 9 2 9 3 
9 2 1 2 2 9 
9 1 1 0 1 9 
3 9 2 9 2 3 
2 2 9 1 9 2 
3 9 2 9 2 3 
2 2 9 1 9 2 
9 2 2 1 2 9 
9 1 1 1 0 9 
2 9 2 9 1 2 
3 2 9 2 9 3 
2 9 2 9 1 2 
3 2 9 2 9 3 
9 2 2 2 1 9 
9 2 1 2 2 9 
1 9 0 9 1 1 
2 3 9 3 9 2 
2 9 1 9 2 2 
2 3 9 3 9 2 
9 2 1 2 2 9 
9 2 2 2 1 9 
1 9 1 9 0 1 
2 3 9 3 9 2 
2 9 2 9 1 2 
2 3 9 3 9 2 
9 2 2 2 1 9 
9 3 2 3 2 9 
1 9 1 9 1 0 
2 2 9 2 9 1 
2 9 2 9 2 1 
2 2 9 2 9 1 
9 3 2 3 2 9 
9 2 2 1 2 9 
2 9 3 9 3 2 
1 1 9 0 9 1 
2 9 3 9 3 2 
2 2 9 1 9 2 
9 2 2 1 2 9 
9 2 3 2 3 9 
2 9 2 9 2 1 
1 1 9 1 9 0 
2 9 2 9 2 1 
2 2 9 2 9 1 
9 2 3 2 3 9 
9 2 2 2 1 9 
2 9 2 9 1 2 
2 3 9 3 9 2 
1 9 1 9 0 1 
2 3 9 3 9 2 
9 2 2 2 1 9 
9 3 2 3 2 9 
2 9 2 9 2 1 
2 2 9 2 9 1 
1 9 1 9 1 0 
2 2 9 2 9 1 
9 3 2 3 2 9 
9 2 3 2 3 9 
2 9 2 9 2 1 
2 2 9 2 9 1 
2 9 2 9 2 1 
1 1 9 1 9 0 
9 2 3 2 3 9 