9 9 9 9 9 9 
9 9 0 9 2 9 
9 0 9 2 9 9 
9 9 2 9 4 9 
9 2 9 4 9 9 
9 9 9 9 9 9 
9 9 0 9 2 9 
9 9 9 9 9 9 
0 9 9 9 9 2 
9 9 9 9 9 9 
2 9 9 9 9 4 
9 9 2 9 4 9 
9 0 9 2 9 9 
0 9 9 9 9 2 
9 9 9 9 9 9 
2 9 9 9 9 4 
9 9 9 9 9 9 
9 2 9 4 9 9 
9 9 2 9 4 9 
9 9 9 9 9 9 
2 9 9 9 9 4 
9 9 9 9 9 9 
4 9 9 9 9 6 
9 9 4 9 6 9 
9 2 9 4 9 9 
2 9 9 9 9 4 
9 9 9 9 9 9 
4 9 9 9 9 6 
9 9 9 9 9 9 
9 4 9 6 9 9 
9 9 9 9 9 9 
9 9 2 9 4 9 
9 2 9 4 9 9 
9 9 4 9 6 9 
9 4 9 6 9 9 
9 9 9 9 9 9 
9 9 9 9 9 9 
9 9 2 9 0 9 
9 2 9 4 9 9 
9 9 4 9 2 9 
9 0 9 2 9 9 
9 9 9 9 9 9 
9 9 2 9 0 9 
9 9 9 9 9 9 
2 9 9 9 9 4 
9 9 9 9 9 9 
0 9 9 9 9 2 
9 9 4 9 2 9 
9 2 9 4 9 9 
2 9 9 9 9 4 
9 9 9 9 9 9 
4 9 9 9 9 6 
9 9 9 9 9 9 
9 4 9 6 9 9 
9 9 4 9 2 9 
9 9 9 9 9 9 
4 9 9 9 9 6 
9 9 9 9 9 9 
2 9 9 9 9 4 
9 9 6 9 4 9 
9 0 9 2 9 9 
0 9 9 9 9 2 
9 9 9 9 9 9 
2 9 9 9 9 4 
9 9 9 9 9 9 
9 2 9 4 9 9 
9 9 9 9 9 9 
9 9 4 9 2 9 
9 4 9 6 9 9 
9 9 6 9 4 9 
9 2 9 4 9 9 
9 9 9 9 9 9 
9 9 9 9 9 9 
9 9 2 9 4 9 
9 2 9 0 9 9 
9 9 0 9 2 9 
9 4 9 2 9 9 
9 9 9 9 9 9 
9 9 2 9 4 9 
9 9 9 9 9 9 
2 9 9 9 9 4 
9 9 9 9 9 9 
4 9 9 9 9 6 
9 9 4 9 6 9 
9 2 9 0 9 9 
2 9 9 9 9 4 
9 9 9 9 9 9 
0 9 9 9 9 2 
9 9 9 9 9 9 
9 4 9 2 9 9 
9 9 0 9 2 9 
9 9 9 9 9 9 
0 9 9 9 9 2 
9 9 9 9 9 9 
2 9 9 9 9 4 
9 9 2 9 4 9 
9 4 9 2 9 9 
4 9 9 9 9 6 
9 9 9 9 9 9 
2 9 9 9 9 4 
9 9 9 9 9 9 
9 6 9 4 9 9 
9 9 9 9 9 9 
9 9 4 9 6 9 
9 4 9 2 9 9 
9 9 2 9 4 9 
9 6 9 4 9 9 
9 9 9 9 9 9 
9 9 9 9 9 9 
9 9 4 9 2 9 
9 4 9 2 9 9 
9 9 2 9 0 9 
9 2 9 0 9 9 
9 9 9 9 9 9 
9 9 4 9 2 9 
9 9 9 9 9 9 
4 9 9 9 9 6 
9 9 9 9 9 9 
2 9 9 9 9 4 
9 9 6 9 4 9 
9 4 9 2 9 9 
4 9 9 9 9 6 
9 9 9 9 9 9 
2 9 9 9 9 4 
9 9 9 9 9 9 
9 6 9 4 9 9 
9 9 2 9 0 9 
9 9 9 9 9 9 
2 9 9 9 9 4 
9 9 9 9 9 9 
0 9 9 9 9 2 
9 9 4 9 2 9 
9 2 9 0 9 9 
2 9 9 9 9 4 
9 9 9 9 9 9 
0 9 9 9 9 2 
9 9 9 9 9 9 
9 4 9 2 9 9 
9 9 9 9 9 9 
9 9 6 9 4 9 
9 6 9 4 9 9 
9 9 4 9 2 9 
9 4 9 2 9 9 
9 9 9 9 9 9 
9 9 9 9 9 9 
9 9 2 9 4 9 
9 2 9 4 9 9 
9 9 4 9 6 9 
9 4 9 6 9 9 
9 9 9 9 9 9 
9 9 2 9 4 9 
9 9 9 9 9 9 
2 9 9 9 9 0 
9 9 9 9 9 9 
4 9 9 9 9 2 
9 9 0 9 2 9 
9 2 9 4 9 9 
2 9 9 9 9 0 
9 9 9 9 9 9 
4 9 9 9 9 2 
9 9 9 9 9 9 
9 0 9 2 9 9 
9 9 4 9 6 9 
9 9 9 9 9 9 
4 9 9 9 9 2 
9 9 9 9 9 9 
6 9 9 9 9 4 
9 9 2 9 4 9 
9 4 9 6 9 9 
4 9 9 9 9 2 
9 9 9 9 9 9 
6 9 9 9 9 4 
9 9 9 9 9 9 
9 2 9 4 9 9 
9 9 9 9 9 9 
9 9 0 9 2 9 
9 0 9 2 9 9 
9 9 2 9 4 9 
9 2 9 4 9 9 
9 9 9 9 9 9 
9 9 9 9 9 9 
9 9 4 9 2 9 
9 4 9 6 9 9 
9 9 6 9 4 9 
9 2 9 4 9 9 
9 9 9 9 9 9 
9 9 4 9 2 9 
9 9 9 9 9 9 
4 9 9 9 9 2 
9 9 9 9 9 9 
2 9 9 9 9 0 
9 9 2 9 0 9 
9 4 9 6 9 9 
4 9 9 9 9 2 
9 9 9 9 9 9 
6 9 9 9 9 4 
9 9 9 9 9 9 
9 2 9 4 9 9 
9 9 6 9 4 9 
9 9 9 9 9 9 
6 9 9 9 9 4 
9 9 9 9 9 9 
4 9 9 9 9 2 
9 9 4 9 2 9 
9 2 9 4 9 9 
2 9 9 9 9 0 
9 9 9 9 9 9 
4 9 9 9 9 2 
9 9 9 9 9 9 
9 0 9 2 9 9 
9 9 9 9 9 9 
9 9 2 9 0 9 
9 2 9 4 9 9 
9 9 4 9 2 9 
9 0 9 2 9 9 
9 9 9 9 9 9 
9 9 9 9 9 9 
9 9 4 9 6 9 
9 4 9 2 9 9 
9 9 2 9 4 9 
9 6 9 4 9 9 
9 9 9 9 9 9 
9 9 4 9 6 9 
9 9 9 9 9 9 
4 9 9 9 9 2 
9 9 9 9 9 9 
6 9 9 9 9 4 
9 9 2 9 4 9 
9 4 9 2 9 9 
4 9 9 9 9 2 
9 9 9 9 9 9 
2 9 9 9 9 0 
9 9 9 9 9 9 
9 2 9 0 9 9 
9 9 2 9 4 9 
9 9 9 9 9 9 
2 9 9 9 9 0 
9 9 9 9 9 9 
4 9 9 9 9 2 
9 9 0 9 2 9 
9 6 9 4 9 9 
6 9 9 9 9 4 
9 9 9 9 9 9 
4 9 9 9 9 2 
9 9 9 9 9 9 
9 4 9 2 9 9 
9 9 9 9 9 9 
9 9 2 9 4 9 
9 2 9 0 9 9 
9 9 0 9 2 9 
9 4 9 2 9 9 
9 9 9 9 9 9 
9 9 9 9 9 9 
9 9 6 9 4 9 
9 6 9 4 9 9 
9 9 4 9 2 9 
9 4 9 2 9 9 
9 9 9 9 9 9 
9 9 6 9 4 9 
9 9 9 9 9 9 
6 9 9 9 9 4 
9 9 9 9 9 9 
4 9 9 9 9 2 
9 9 4 9 2 9 
9 6 9 4 9 9 
6 9 9 9 9 4 
9 9 9 9 9 9 
4 9 9 9 9 2 
9 9 9 9 9 9 
9 4 9 2 9 9 
9 9 4 9 2 9 
9 9 9 9 9 9 
4 9 9 9 9 2 
9 9 9 9 9 9 
2 9 9 9 9 0 
9 9 2 9 0 9 
9 4 9 2 9 9 
4 9 9 9 9 2 
9 9 9 9 9 9 
2 9 9 9 9 0 
9 9 9 9 9 9 
9 2 9 0 9 9 
9 9 9 9 9 9 
9 9 4 9 2 9 
9 4 9 2 9 9 
9 9 2 9 0 9 
9 2 9 0 9 9 
9 9 9 9 9 9 
9 0 2 2 2 9 
0 9 2 9 2 2 
2 2 9 4 9 4 
2 9 4 9 5 4 
2 2 9 5 9 4 
9 2 4 4 4 9 
9 2 0 2 2 9 
2 9 2 9 4 4 
0 2 9 2 9 2 
2 9 2 9 5 4 
2 4 9 5 9 4 
9 4 2 4 4 9 
9 2 2 0 2 9 
2 9 4 9 4 4 
2 4 9 2 9 4 
0 9 2 9 3 2 
2 4 9 3 9 4 
9 4 4 2 4 9 
9 2 2 2 0 9 
2 9 4 9 2 4 
2 4 9 4 9 4 
2 9 4 9 3 4 
0 2 9 3 9 2 
9 4 4 4 2 9 
9 2 2 4 4 9 
2 9 0 9 2 2 
2 0 9 2 9 2 
4 9 2 9 5 4 
4 2 9 5 9 4 
9 2 2 4 4 9 
9 2 4 4 2 9 
2 9 2 9 0 2 
4 2 9 4 9 4 
4 9 4 9 3 4 
2 0 9 3 9 2 
9 2 4 4 2 9 
9 2 4 4 4 9 
2 9 2 9 2 0 
4 2 9 4 9 2 
4 9 4 9 3 2 
4 2 9 3 9 2 
9 0 2 2 2 9 
9 4 2 2 4 9 
4 9 2 9 4 4 
2 2 9 0 9 2 
2 9 0 9 3 2 
4 4 9 3 9 4 
9 4 2 2 4 9 
9 4 2 4 4 9 
4 9 2 9 4 2 
2 2 9 2 9 0 
4 9 2 9 3 2 
4 4 9 3 9 2 
9 2 0 2 2 9 
9 5 5 3 3 9 
5 9 5 9 3 3 
5 5 9 3 9 3 
3 9 3 9 0 1 
3 3 9 0 9 1 
9 3 3 1 1 9 
9 4 4 2 4 9 
4 9 4 9 4 2 
4 4 9 2 9 2 
2 9 2 9 1 0 
4 4 9 1 9 2 
9 2 2 0 2 9 
9 4 4 4 2 9 
4 9 4 9 2 2 
4 4 9 4 9 2 
4 9 4 9 1 2 
2 2 9 1 9 0 
9 2 2 2 0 9 